1111111111 1111111111 1100000011 1100000011 1100000011 1100000011 1100000011 1100000011 1111111111 1111111111
0111111110 1111111111 1100000011 1100000011 1100000011 1100000011 1100000011 1100000011 1111111111 0111111110
0111111110 0111111110 1100000011 1100000011 1100000011 1100000011 1100000011 1100000011 0111111110 0111111110
0011111100 0111111110 0100000010 1100000011 1100000011 1100000011 1100000011 0100000010 0111111110 0011111100 
0011111100 0111111110 0110000110 1100000011 1100000011 1100000011 1100000011 0110000110 0111111110 0011111100
0011111100 0111001110 0110000110 1100000011 1100000011 1100000011 1100000011 0110000110 0111001110 0011111100
0011111100 0111001110 0110000110 0100000010 1100000011 1100000011 0100000010 0110000110 0111001110 0011111100

1111111111 1111111111 1100000000 1100000000 1111111111 1111111111 1100000011 1100000011 1111111111 1111111111
0111111111 1111111111 1100000000 1100000000 1111111110 1111111111 1100000011 1100000011 1111111111 0111111110
0111111110 1111111110 1100000000 1100000000 1111111110 1111111111 1100000011 1100000011 1111111111 0111111110
0011111110 0111111110 1110000000 1100000000 1101111110 1111111111 1111000011 1110000011 0111111111 0011111110
0011111110 0111111110 1110000000 1100000000 1101111110 1111111111 1111000011 1110000011 0111111110 0011111100
0011111100 0111111000 1110000000 1100000000 1101111100 1111111110 1111000111 1110000011 0111111110 0011111100
0011111100 0111111000 0110000000 1110000000 1100111100 1101111110 1111000011 1110000011 0111111110 0011111100

1111111111 1111111111 0000000011 0000000011 0000000011 0000000011 0000000011 0000000011 0000000011 0000000011
1111111111 1111111111 0000000011 0000000011 0011111111 0011111111 0000000011 0000000011 0000000011 0000000011
1111111110 1111111110 0000000110 0000000110 0011111111 0011111111 0000000110 0000000110 0000000110 0000000110
1111111100 1111111100 0000001100 0000001100 0011111111 0011111111 0000001100 0000001100 0000001100 0000001100
1111111111 1111111111 0000000111 0000000111 0011111111 0011111110 0000001100 0000111000 0001110000 0011100000
1111111111 1111111111 0000000011 0000000011 0000000111 0000001110 0000011100 0000111000 0001110000 0011100000
1111111111 1111111111 0000000011 0000000111 0000001110 0000011100 0000111000 0001110000 0011100000 0111000000   